6 left leg, 6 right leg, 4 left arm, 4 right arm, 3 neck (here)
8 arm joints, 3 torso RPY, 3 pelvis position, 3 head angles


-0.00306796 -0.0076699 0.00306796 0.0076699 -0.0076699 0.0107379 
0.00306796 0.00306796 0 0.0076699 0.00613592 0 
-0.148796 -1.24252 -0.470932 -0.161068 
-0.0337476 1.07532 0.435651 0.222427 
-0.0398835 -0.128854 -0.0690291
[head up]

-0.00153398 -0.0076699 0.00306796 0.00613592 -0.0107379 0.00920388 
0.00306796 -0.00460194 0 0.00920388 0.0076699 0 
-0.148796 -1.24252 -0.470932 -0.161068 
-0.0322136 1.07532 0.435651 0.222427 
-0.0613592 -0.802272 0.561437 
[head down]

-0.00460194 -0.00460194 0.00306796 0.00613592 -0.0107379 0.00920388 
-0.00306796 -0.00306796 -0.00306796 0.00920388 0.00920388 0.00460194 
-0.211689 -1.26553 -0.806874 -0.0199418 
0.0859029 1.12748 -0.141126 0.250039 
0.0475534 -0.487806 0.219359 
[head right]

-0.00460194 -0.00460194 0.00460194 0.00613592 -0.00920388 0.00920388 
-0.00306796 -0.00460194 -0.00306796 0.00920388 0.0076699 0.00460194 
-0.207087 -1.264 -0.806874 -0.0214757 
0.0889709 1.12594 -0.141126 0.250039 
-0.671884 -0.266913 0.340544 
[head left]

-0.00460194 -0.00306796 -0.00153398 0.0076699 -0.00306796 0.0076699 
-0.00306796 0.00460194 -0.00306796 0.00920388 0.0076699 0.00460194 
-0.944932 -0.66268 -0.461728 -1.67664 
0.0920388 1.24713 -1.19651 0.0184078 
-0.380427 -0.342078 0.317534 
[RH up]

-0.00306796 -0.00153398 -0.00153398 0.0076699 -0.00920388 0.0076699 
-0.00153398 0.00153398 -0.00306796 0.00920388 0.0076699 0.00306796 
-0.846757 -0.857495 -0.246971 -1.98957 
0.0905049 1.24713 -1.19804 0.0184078 
-0.377359 -0.342078 0.317534 
[RH in]

-0.00153398 -0.00306796 -0.00153398 0.0076699 -0.00920388 0.0076699 
0 0.00306796 -0.00460194 0.00920388 0.00460194 0.00306796 
-0.921922 -0.661146 -0.415709 -0.93266 
0.0905049 1.24713 -1.19804 0.0184078 
-0.377359 -0.343612 0.319068 
[RH out]

0.00460194 -0.00460194 0 0.00613592 -0.0107379 0.00920388 
0 -0.00153398 0.00306796 0.00920388 0.0076699 0 
-0.225495 -1.2686 0.60899 -1.98804 
-0.309864 1.21184 0.67035 1.85305 
-0.19635 -0.385029 0.222427 
[Hands together]

-0.00460194 -0.0076699 0 0.00613592 -0.0122718 0.00920388 
0.00306796 0.00306796 -0.00306796 0.0076699 0 0.00460194 
-0.13499 -1.09833 0.60899 -0.200951 
-0.429515 1.17656 0.99402 0.855961 
-0.0291456 -0.392699 0.184078 
[random small]

0 -0.00460194 0.00306796 0.00613592 -0.0122718 0.00920388 
0.00306796 -0.00460194 -0.00460194 0.00920388 0.00613592 0.0076699 
-0.352816 -1.23792 0.406505 -0.82068 
-0.257709 1.13054 0.905049 0.082835 
-0.254641 -0.394233 0.182544 
[random small]

0 -0.00613592 0.00460194 0.00613592 -0.0122718 0.00920388 
0.00306796 -0.00460194 -0.00460194 0.00920388 0.00613592 0.0076699 
-0.162602 -0.837554 0.406505 -0.240835 
-0.257709 1.13208 0.905049 0.082835 
-0.254641 -0.394233 0.184078 
[random small]

-0.00153398 -0.00460194 0.00460194 0.00613592 -0.0107379 0.0076699 
-0.00153398 0.00460194 0.00613592 0.0076699 -0.00613592 0.00153398 
-0.12732 -0.0690291 0.404971 0.118117 
0.207087 0.0567573 1.34684 -0.211689 
-0.251573 -0.394233 0.184078
[arms move high like a bird]

0.00153398 -0.00306796 0.00306796 0.0076699 -0.00920388 0.0107379 
0.00613592 0.00153398 0.00460194 0.00920388 0.0076699 -0.00306796 
0.33901 -1.1781 0.406505 -0.00153398 
0.208621 1.12594 1.45575 -0.115049 
-0.257709 -0.395767 0.184078 
[random]

-0.00460194 -0.00613592 0.00306796 0.00613592 -0.00920388 0.0107379 
0.0076699 -0.00153398 0.00613592 0.0076699 0.00460194 -0.00306796 
-0.136524 -1.12134 0.409573 -0.506214 
-0.299126 1.11827 1.45421 0.116583 
-0.250039 -0.394233 0.184078 
[random]

-0.00306796 -0.00613592 0.00460194 0.00613592 -0.0107379 0.00920388 
0.00460194 -0.00306796 0.00613592 0.0076699 0.00460194 -0.00306796 
-0.136524 -1.12134 0.409573 -0.467864 
0.133456 1.11827 1.45421 -0.158 
-0.250039 -0.394233 0.184078 
[random]

-0.00306796 -0.00460194 0.00460194 0.00613592 -0.0138058 0.0107379 
-0.00306796 0.00306796 0.0076699 0.0076699 -0.00306796 -0.00460194 
0.138058 -1.07992 0.409573 -0.242369 
-0.375825 1.10293 1.46188 -0.078233 
-0.254641 -0.394233 0.182544
[random]

-0.00306796 -0.00306796 0.00460194 0.0076699 -0.00920388 0.00920388 
0.00306796 0.00460194 0.00613592 0.0076699 0.00306796 -0.00306796 
0.139592 -1.07992 0.409573 -0.240835 
-0.0951068 1.08759 1.45421 0.116583 
0.222427 -0.197884 -0.0843689 
[look right dramatic]

-0.00306796 -0.00460194 0 0.00613592 -0.0107379 0.00920388 
0.00460194 0.00153398 -0.00306796 0.0076699 0.00306796 0.00460194 
-0.630466 -0.369689 -0.860563 -1.86685 
-0.0997088 1.08913 1.45421 0.115049 
0.231631 -0.213223 -0.0935728 
[right dramatic hand high]

0.00306796 -0.00460194 -0.00153398 0.00613592 -0.0107379 0.0076699 
0.00613592 0.00306796 -0.00306796 0.0076699 0.00153398 0.00460194 
-0.788466 -0.274583 -0.871301 -0.82835 
-0.0997088 1.08913 1.45421 0.116583 
0.231631 -0.213223 -0.0951068 
[right dramatic hand mid]

0.00153398 -0.00613592 0.00306796 0.00613592 -0.0122718 0.00920388 
0.00306796 0 -0.00306796 0.0076699 0 0.00460194 
-0.0199418 -1.15355 -0.882039 -0.256175 
-0.0981748 1.08913 1.45421 0.115049 
0.228563 -0.213223 -0.0935728 
[right dramatic hand down]

-0.00306796 -0.00460194 0.00613592 0.00613592 -0.0107379 0.0076699 
0.00306796 0.00306796 0 0.0076699 0.00153398 0.00306796 
-0.0199418 -1.25326 -0.882039 -0.248505 
-0.0966408 1.08759 1.45421 0.116583 
-0.674952 -0.194816 -0.081301 
[left up dramatic]
