6 0 0.4 23 1.6 22 3.0 14 2.0 1 0.4 0 2.0
4 0 1.6 22 3.0 23 2.0 0 2.0
4 0 0.4 1 0.4 2 1.6 0 1.5
4 0 1.6 22 1.6 23 2.0 0 1.5
6 0 0.4 1 0.9 3 2.0 4 1.1 3 1.1 0 1.5
4 0 1.6 22 1.6 23 2.0 0 2.0
9 0 0.4 1 0.4 2 0.4 1 0.9 3 1.1 4 1.1 3 1.1 1 0.5 0 0.4
5 5 0.4 6 0.4 7 1.25 6 1.25 5 0.4
13 0 0.4 1 0.5 6 0.8 1 0.8 8 0.7 10 0.6 11 0.6 10 0.6 11 0.6 10 0.6 11 0.6 10 0.6 0 0.6
5 0 0.2 13 0.37 12 0.37 13 0.37 0 0.6
7 0 0.2 14 0.3 15 0.6 16 0.65 15 0.6 14 0.5 0 1
13 0 0.2 17 0.3 18 0.3 19 0.4 20 0.2 19 0.2 21 0.2 19 0.2 20 0.2 19 0.2 18 0.4 17 0.3 0 0.5
5 4 6.0 5 6.0 15 6.0 16 6.0 0 6.0
5 0 1.6 22 1.6 23 1.6 22 3.0 0 0.5
6 0 0.4 25 1.0 26 1.0 25 1.0 26 1.0 0 0.4 #this is nodding up-down
1.0 27 1.0 28 1.0 29 2.0 30 2.0 31 2.0
